0.0350
0.3969
0.0320
0.1580
0.1314
0.2928
0.5856
0.1172
0.0506
0.5732
0.3005
0.2492
0.0988
0.0567
0.0935
0.3100
0.3139
0.1579
0.1999
0.1188
0.0551
0.2483
0.3801
0.5484
0.2575
0.4105
0.5314
0.1631
0.1202
0.1676
0.3804
0.3789
0.1579
0.1485
0.4110
0.0360
0.1682
0.1107
0.0451
0.8151
0.4659
0.1491
0.1504
0.0660
0.2572
0.1194
0.5059
0.1625
0.0933
0.3447
0.1368
0.3301
0.1168
0.6960
0.5383
0.0807
0.0987
0.7718
0.0424
0.4551
0.5385
0.6083
0.3518
0.1354
0.2349
0.0313
0.0735
0.2279
0.2607
0.1581
0.5157
0.2187
0.7974
0.1580
0.2592
0.0777
0.0196
0.2308
0.0809
0.3469
0.2951
0.2252
0.0821
0.1361
0.1238
0.0087
0.5497
0.0032
0.0595
0.0747
0.9015
0.1702
0.5370
0.0708
0.7264
0.3588
0.2780
0.4510
0.2627
0.1174
0.5000
0.1069
0.2581
0.3585
0.3914
0.1367
0.1579
0.4355
0.0490
0.4851
0.2534
0.2293
0.0938
0.0155
0.0921
0.0167
0.0267
0.0525
0.1581
0.1341
0.1627
0.1523
0.0319
0.2081
0.0384
0.6935
0.0389
0.0094
0.1292
0.0563
0.0634
0.1729
0.0495
0.1770
0.5349
0.3788
0.0217
0.3811
0.3101
0.1946
0.1639
0.0652
0.2186
0.2117
0.0143
0.3912
0.0590
0.1199
0.1783
0.7308
0.5935
0.3505
0.0401
0.1183
0.1382
0.3064
0.0767
0.0745
0.1309
0.0171
0.0815
0.4800
0.0690
0.2518
0.2025
0.6424
0.1310
0.0726
0.1289
0.6916
0.5946
0.1493
0.0690
0.1629
0.1004
0.0871
0.5864
0.0750
0.3835
0.6724
0.0248
0.2835
0.0172
0.4755
0.2020
0.1928
0.1989
0.1229
0.0809
0.2298
0.2108
0.1563
0.1338
0.7141
0.0647
0.0955
0.1143
0.1928
0.0216
0.0829
0.0810
0.2671
0.4133
0.1172
0.7152
0.3453
0.0581
0.4591
0.3232
0.1095
0.1787
0.2012
0.1146
0.1730
0.0319
0.1991
0.3965
0.2162
0.3683
0.0318
0.9202
0.1199
0.2072
0.7580
0.1108
0.1030
0.2533
0.0862
0.0344
0.0644
0.0380
0.1581
0.1683
0.0856
0.4578
0.0364
0.1163
0.0121
0.0334
0.6267
0.2188
0.0112
0.2036
0.1580
0.0383
0.0403
0.0806
0.1162
0.1166
0.4452
0.4440
0.2822
0.1020
0.5688
0.0477
0.1067
0.2373
0.5769
0.1708
0.3730
0.0623
0.0181
0.0192
0.1717
0.1215
0.3489
0.3696
0.1603
0.1508
0.3608
0.1579
0.1175
0.2868
0.1885
0.1296
0.8033
0.0949
0.9344
0.8262
0.0180
0.0330
0.5799
0.1438
0.5000
0.1241
0.4879
0.0449
0.1903
0.2530
0.6446
0.8630
0.1201
0.6187
0.1375
0.4345
0.5596
0.7696
0.1328
0.0701
0.1193
0.2092
0.9729
0.1718
0.5163
0.1367
0.3784
0.1363
0.0484
0.3965
0.1803
0.1632
0.4555
0.3614
0.4656
0.4895
0.5383
0.1610
0.1579
0.3337
0.0775
0.0671
0.7623
0.0413
0.8926
0.3705
0.1704
0.1686
0.7628
0.0516
0.2997
0.3407
0.2314
0.1431
0.7286
0.0584
0.2363
0.3394
0.0676
0.4196
0.1382
0.6916
0.1782
0.0474
0.1225
0.7707
0.3655
0.2020
0.8824
0.4321
0.2263
0.5537
0.1839
0.0796
0.2697
0.8669
0.1606
0.2280
0.5100
0.0121
0.3757
0.0369
0.2498
0.1170
0.0757
0.1380
0.0134
0.1234
0.5776
0.3298
0.6643
0.3076
0.2691
0.8200
0.1016
0.1579
0.1513
0.8401
0.1546
0.0829
0.1411
0.4357
0.0723
0.5454
0.2656
0.2354
0.3862
0.5952
0.5951
0.1670
0.4924
0.0112
0.3330
0.4168
0.5922
0.6991
0.0485
0.1347
0.6569
0.0230
0.2418
0.2192
0.0812
0.6949
0.0195
0.2152
0.3049
0.4351
0.3044
0.2310
0.2007
0.0867
0.2350
0.2405
0.6882
0.5352
0.7558
0.2312
0.4082
0.7965
0.1035
0.5330
0.2550
0.8195
0.1351
0.3355
0.1407
0.5419
0.1580
0.0633
0.5921
0.0377
0.9520
0.1483
0.4711
0.2359
0.6749
0.1687
0.4881
0.1164
0.3076
0.0862
0.3895
0.2114
0.1360
0.5525
0.2985
0.6453
0.0785
0.4857
0.8150
0.7813
0.3175
0.4006
0.6488
0.4918
0.0991
0.1610
0.0344
0.2554
0.3878
0.0417
0.2745
0.8810
0.1437
0.1581
0.2314
0.4853
0.6459
0.5446
0.1296
0.2002
0.6502
0.7424
0.5965
0.5729
0.0168
0.4419
0.6577
0.1581
0.2145
0.3673
0.0550
0.1010
0.1127
0.3549
0.5000
0.9501
0.0667
0.4218
0.1103
0.1580
0.2110
0.2759
0.5440
0.0489
0.9621
0.2540
0.5884
0.3228
0.0845
0.9469
0.9526
0.7714
0.2065
0.6449
0.7271
0.2175
0.8195
0.7368
0.9292
0.4514
0.7368
0.9025
0.9413
0.9262
0.5873
0.8791
0.7260
0.2065
0.6233
0.9435
0.5873
0.9098
0.1691
0.9025
0.3177
0.5368
0.9292
0.8761
0.7743
0.8019
0.1593
0.5817
0.8268
0.7890
0.1215
0.8408
0.8268
0.8298
0.9527
0.8458
0.8958
0.4469
0.9275
0.5090
0.3634
0.8418
0.1689
0.7171
0.4501
0.9536
0.8514
0.9162
0.8131
0.9292
0.6308
0.7743
0.1028
0.4678
0.3040
0.1678
0.9527
0.5238
0.3627
0.7780
0.5506
0.8365
0.8498
0.5227
0.8475
0.9384
0.4802
0.8464
0.8763
0.8854
0.9664
0.8971
0.9829
0.9188
0.3793
0.9414
0.8329
0.3456
0.9274
0.8307
0.8821
0.2717
0.6215
0.6950
0.2064
0.9066
0.8376
0.4748
0.6886
0.9664
0.9167
0.8987
0.4918
0.9119
0.4620
0.3455
0.8550
0.7239
0.9442
0.5137
0.6934
0.9679
0.9415
0.8564
0.3456
0.2064
0.9012
0.9638
0.9360
0.5101
0.6075
0.5506
0.8116
0.9137
0.8572
0.7794
0.7378
0.8917
0.7281
0.8454
0.2765
0.9488
0.9164
0.6540
0.7514
0.8865
0.9270
0.8606
0.8360
0.8839
0.8256
0.8816
0.7593
0.7384
0.9537
0.5000
0.1747
0.1607
0.6354
0.8289
0.9170
0.8543
0.8284
0.8624
0.9155
0.9576
0.9210
0.3874
0.8149
0.9071
0.4514
0.1655
0.2065
0.1115
0.7743
0.5873
0.9470
0.9435
0.9586
0.9052
0.1832
0.3085
0.8867
0.9366
0.5841
0.5678
0.6555
0.8073
0.2046
0.7797
0.9354
0.8602
0.7703
0.8086
0.9668
0.8814
0.9108
0.8089
0.3039
0.5101
0.8562
0.5383
0.8564
0.9639
0.8606
0.7522
0.1884
0.8826
0.6691
0.9050
0.1689
0.2390
0.3769
0.9343
0.8363
0.7465
0.8907
0.7942
0.7333
0.9320
0.1339
0.9529
0.6484
0.8562
0.7848
0.8747
0.9402
0.6354
0.8025
0.6563
0.9608
0.6562
0.3066
0.6280
0.9708
0.2125
0.4401
0.8900
0.2147
0.2196
0.9489
0.5566
0.8561
0.8520
0.1378
0.6351
0.9493
0.8819
0.5566
0.8131
0.9576
0.8563
0.6368
0.8562
0.5000
0.8562
0.5808
0.9644
0.9179
0.5563
0.5530
0.9744
0.6796
0.9600
0.9639
0.2240
0.7855
0.5062
0.8058
0.8089
0.7103
0.9650
0.9532
0.7566
0.5877
0.9438
0.8438
0.4396
0.8380
0.9523
0.8566
0.8980
0.8073
0.6686
0.9425
0.6866
0.7933
0.8983
0.9664
0.1381
0.7654
0.2717
0.8597
0.8738
0.7736
0.8213
0.8586
0.7643
0.1005
0.9231
0.9705
0.5563
0.9886
0.8872
0.7648
0.8517
0.9596
0.7920
0.9254
0.9475
0.6075
0.9459
0.9584
0.9121
0.7030
0.8213
0.7794
0.8920
0.8123
0.8449
0.9389
0.6934
0.9312
0.9693
0.9452
0.4837
0.8454
0.9155
0.8758
0.9515
0.4163
0.5566
0.8865
0.7768
0.4518
0.7787
0.5841
0.8061
0.8816
0.1657
0.1655
0.5714
0.1892
0.2148
0.1607
0.7282
0.9021
0.8514
0.8418
0.8624
0.4469
0.7171
0.9823
0.7872
0.9424
0.9071
0.8563
0.7807
0.9586
0.8974
0.9591
0.5877
0.7040
0.6325
0.9683
0.9353
0.9427
0.6555
0.9681
0.7655
0.9309
0.9248
0.8902
0.8506
0.7171
0.7522
0.9824
0.3452
0.8617
0.9437
0.4752
0.9438
0.7743
0.6449
0.2390
0.8562
0.5690
0.9337
0.8729
0.8562
0.7942
0.9245
0.9638
0.2599
0.6512
0.6484
0.9450
0.9027
0.6410
0.8975
0.6989
0.8799
0.2824
0.8987
0.9246
0.5644
0.2288
0.7780
0.9158
0.9639
0.7868
0.8166
0.7648
0.9384
0.7890
0.2614
0.7514
0.5732
0.9615
0.2196
0.9527
0.9143
0.6589
0.9491
0.8506
0.6351
0.7681
0.8450
0.6866
0.1995
0.8563
0.8563
0.9493
0.7679
0.4918
0.9621
0.8564
0.5808
0.9644
0.6343
0.8777
0.8766
0.8931
0.9600
0.9448
0.8564
0.1803
0.8446
0.9702
0.9671
0.9638
0.1583
0.4117
0.6108
0.9438
0.3719
0.9582
0.8854
0.6977
0.5884
0.9167
0.9775
0.7412
0.8329
0.9360
0.8454
0.8550
0.7304
0.8310
0.1351
0.9603
0.7774
0.8712
0.8917
0.8773
0.2656
0.8131
0.8563
0.8422
0.9438
0.9299
0.4745
0.8197
0.7743
0.5056
0.8562
0.7368
0.4562
0.3066
0.1691
0.1578
0.8454
0.7368
0.8819
0.9025
0.4589
0.5738
0.2175
0.6808
0.6343
0.2175
0.8131
0.7743
0.9292
0.8521
0.4581
0.9469
0.8963
0.9384
0.9292
0.6520
0.5738
0.2065
0.8131
0.5738
